257313.1
256503.6
259362.9
256008.0
260222.5
267199.3
263651.9
261977.0
266136.0
266999.2
264006.6
270518.5
273671.4
277125.3
269375.2
271252.1
276708.5
273082.0
273937.6
273359.4
278794.0
275943.1
272693.4
282362.3
284568.4
281948.1
283869.6
280205.0
280619.6
269880.1
289237.0
286621.5
282168.8
283680.0
282802.1
283768.5
283764.0
286834.2
284437.2
287544.9
286668.5
293321.2
285157.0
280049.1
287424.9
287889.1
292535.0
284682.9
284483.6
289295.2
290071.1
288920.0
292723.7
294434.4
291885.9
299131.2
298224.6
286965.9
290075.0
291673.8
292657.6
288919.2
295318.6
290575.3
289542.8
293810.9
293325.7
293362.2
301650.8
297491.8
302209.2
307151.8
289984.6
294698.3
292197.6
300494.2
302221.8
294132.2
289857.6
295306.6
297097.6
298881.0
297375.1
298571.8
296113.9
303216.0
296336.5
297003.5
295725.6
291316.2
298463.5
302747.6
294085.5
306450.3
296826.8
302289.6
299898.8
297051.6
297443.4
303591.4
