329519.2
330412.9
336109.6
338236.4
338283.9
343415.5
345509.1
346370.0
347480.9
355969.5
347619.3
349227.5
353193.2
354640.8
347467.3
351325.6
351921.2
358902.9
358193.2
356050.8
360456.9
355067.9
357847.8
364008.2
361857.5
364917.4
359093.3
365759.9
367413.1
365060.2
370168.6
369786.8
367222.8
370877.7
361231.2
366519.8
367622.7
369579.8
376201.9
372705.5
376023.7
365975.6
380193.5
370737.5
378942.6
370588.0
369633.3
383059.5
383751.1
377866.2
376409.5
377144.2
378081.0
383469.6
376302.2
373308.3
372264.5
379242.7
376294.5
375367.3
376564.2
383388.8
379308.4
390572.2
381716.4
382359.3
384174.3
376488.8
375709.3
380020.5
387965.7
388882.5
385062.4
381765.4
392720.1
391756.2
388232.4
388472.7
385877.1
394176.0
382578.9
393451.0
384749.4
390561.9
386318.3
397542.1
388213.9
379517.2
387207.8
390021.8
382328.5
383829.6
384447.8
389918.4
384974.3
392873.1
383505.3
397110.6
395730.1
395855.3
