302491.4
302491.4
302491.4
302491.4
302491.4
302491.4
302491.4
298673.0
300691.4
297450.1
295717.2
295207.8
302961.3
301458.9
300890.4
300423.7
299396.4
296148.8
297063.4
299981.0
300021.9
301480.6
297406.9
301512.3
303082.5
296446.4
302123.3
301705.8
299813.6
300251.1
300882.0
295957.7
302264.4
300893.3
304387.5
305986.9
305333.2
302595.8
305492.9
300367.4
299528.5
304685.7
300540.5
299569.2
300523.1
301602.0
303332.1
302785.1
305285.9
300839.4
300363.2
301331.0
300315.0
295228.5
304760.4
302076.6
297372.7
301668.9
299607.0
301237.4
300137.5
304811.2
298999.7
300267.7
300014.0
301984.6
302253.4
301170.1
301111.2
295898.0
299211.2
300436.6
295119.9
296367.9
305955.9
303764.7
302005.3
299210.3
301414.0
300459.9
302653.4
308113.4
300843.6
299977.8
289863.1
299964.7
301937.3
301951.4
300557.4
303219.5
299356.5
299693.6
297841.1
302425.5
296757.3
305312.6
298665.5
302380.1
295865.4
300022.6
