310771.7
310005.6
310474.1
314629.3
322466.1
321549.7
319888.1
321714.9
321545.4
320690.4
327466.8
325577.9
330619.4
330429.4
332544.8
328032.1
329398.4
335037.7
333238.2
331534.7
340652.7
342673.7
340402.2
338676.9
333440.8
339536.6
344243.7
340477.5
344221.3
339156.7
340385.8
343095.7
339265.3
346655.7
337962.4
338426.6
344465.8
347864.5
342717.3
334064.7
345228.8
345957.1
347558.1
346005.0
345397.4
341391.8
348636.3
346425.0
358908.2
348012.1
354103.4
353252.0
356479.2
356496.4
349421.6
353213.4
350513.8
359067.1
350513.5
346228.7
350943.6
355997.8
358865.2
353162.7
355908.5
363655.0
350535.9
358361.6
357448.2
358029.0
354120.8
352683.6
350110.4
359501.6
352979.4
362953.6
364015.5
359510.9
363336.0
355851.9
361660.7
356003.2
360619.8
358220.2
351365.3
368046.4
355232.8
361691.1
359615.0
367704.7
365734.8
364257.1
357467.6
359682.8
356985.7
369377.4
358246.4
362345.7
361013.3
361926.6
