244464.8
243170.8
246218.8
252600.2
251763.2
258204.4
256736.1
258566.5
258641.0
256064.6
262478.3
260927.3
263866.0
260000.7
265674.6
266719.5
266297.8
266173.8
265868.1
275771.7
265609.5
265770.2
265955.5
261285.6
267966.9
270689.6
267716.1
271423.0
272650.7
274368.5
274505.1
273676.4
275960.9
277995.1
277520.2
275830.0
275085.1
275133.2
278592.8
274243.8
274955.5
278974.8
276077.3
278973.0
276259.3
273432.3
280312.1
285311.3
270893.7
283542.7
274569.4
285732.9
281287.0
282630.4
279678.8
282011.4
288586.0
282381.5
279235.2
283526.3
280743.1
276208.2
284653.0
287484.0
277492.0
285466.4
288933.3
282424.2
280284.7
283348.0
287036.6
294354.4
286282.8
292326.8
278525.5
285211.8
287410.4
279434.6
289177.0
294262.0
283112.9
281341.0
284676.2
288777.3
295552.0
294451.2
291462.5
290617.3
286633.8
288529.0
290137.1
300180.2
290749.8
294525.8
292795.2
285221.1
285982.9
291299.2
289514.4
281108.0
