267256.6
267477.9
274491.6
276057.8
268117.3
275484.3
286119.8
280807.5
275593.8
283369.1
284748.0
277194.3
285962.0
282303.1
293400.6
283442.1
281503.9
287679.1
291422.2
286937.7
289970.2
288616.2
289363.1
288065.0
291789.4
294559.7
295214.7
292351.8
295642.9
286274.5
297118.5
297941.4
292981.6
292931.6
301034.1
295607.3
293372.6
295696.7
300379.9
296710.6
297072.2
299779.9
300816.0
294247.2
297318.6
294965.2
294925.5
303188.5
297944.0
299146.2
304342.7
301095.8
304547.3
301635.4
296180.2
305313.6
303238.9
299032.6
297901.0
301736.5
298197.6
302445.3
300502.2
306232.4
308224.4
303632.7
299720.9
308123.7
304055.2
301968.6
303296.1
304430.6
308324.0
309763.9
306303.1
309542.9
298758.3
306727.1
311651.3
310883.3
302453.9
308775.2
305689.9
303900.6
302923.2
311947.8
305328.4
309434.5
301828.6
311078.2
305206.8
303432.6
304726.5
306851.5
302054.0
305320.9
317670.6
311278.2
311987.7
302604.7
