34799.0
34927.5
35448.0
35485.5
35307.0
35110.0
34571.5
34375.5
33873.0
35170.0
35638.5
35116.0
34125.5
35457.0
35067.0
33864.0
34661.5
35124.5
35974.5
35595.5
33545.5
34487.5
34945.0
34654.0
35532.5
34997.5
36367.0
35291.5
35713.5
36259.0
33922.0
33934.5
33693.5
34350.0
34705.0
35724.0
35107.0
34517.5
34665.0
35120.5
35671.0
35690.5
35616.5
35976.5
36177.5
35557.5
35966.0
35756.5
36068.5
36687.5
36228.0
36484.5
37141.0
37442.5
36935.5
37183.5
37244.0
37449.0
36985.5
37598.5
33083.5
33401.0
33785.5
33604.0
33420.0
33884.5
33440.0
34568.0
34084.5
34000.0
34467.0
33852.5
34127.0
34204.5
34240.5
34144.5
34535.0
33645.5
34208.5
34091.5
34006.0
34661.0
35032.0
34717.0
34823.5
34943.0
34844.0
35089.0
35644.5
35356.5
35594.0
35520.5
35850.5
35780.0
35735.5
35516.5
35966.0
36268.0
35976.0
36124.0
36523.5
36153.5
36646.0
36021.0
36014.0
36790.5
36288.0
36394.5
36340.5
36847.0
37179.0
36448.5
36973.5
36532.0
37125.5
36332.5
36698.5
36941.0
37117.5
36936.0
37157.0
37082.0
36929.5
36887.0
37307.0
37149.5
37246.0
37252.5
37604.0
37713.0
37690.0
37855.5
37798.0
38168.5
37674.5
37815.0
37536.5
37939.0
37806.0
37799.5
37929.0
37573.5
37884.0
38113.5
37973.5
38033.5
38089.0
37890.5
37954.0
37814.0
38098.0
38076.0
38094.0
37878.0
38143.5
37956.0
38093.5
38102.0
38443.5
38382.5
38375.0
38270.0
38358.0
38290.5
38308.0
38285.5
38376.5
38752.0
38469.0
38528.5
38592.0
38466.0
38834.0
38389.0
38322.5
38509.0
38551.0
38665.5
38541.0
38733.5
38689.0
38933.0
38688.0
38631.5
38708.0
38647.0
38665.0
38631.0
38593.5
38542.0
38681.5
38826.0
38868.5
38911.0
39032.0
38533.5
38795.5
38675.0
38640.0
38793.0
38647.0
38663.0
38906.0
38716.5
38643.5
38699.5
38819.0
38851.0
38740.5
38826.0
38857.0
38715.5
38817.5
38606.5
38773.0
38814.5
38841.0
38867.5
38805.0
38644.0
38669.0
38973.0
38923.5
38982.5
39010.0
38864.0
38879.5
38907.0
38934.5
38812.0
38889.0
38853.0
38895.5
38920.0
38906.5
38844.0
38867.5
38921.5
38940.0
38963.5
39046.0
39069.0
38982.5
39005.0
39027.5
39031.5
39054.0
38981.5
39060.0
39082.0
39105.0
39072.5
39128.5
38964.0
39032.5
39194.0
39216.0
39196.0
39071.0
39161.0
39207.5
39153.0
39169.5
39136.0
39153.0
39170.0
39187.0
39152.5
39169.5
39021.5
39071.5
39088.5
39015.0
39030.5
39046.0
39061.5
39077.0
39075.5
39090.5
39069.5
39054.0
39066.5
39079.0
39066.5
39053.0
39043.5
39054.0
39064.5
39075.0
39145.5
39154.0
39164.0
39174.0
39184.0
39194.0
39204.0
39214.5
39167.0
39181.5
39191.0
39200.5
39210.0
39219.5
39229.0
39239.0
39187.0
39211.0
39219.5
39228.5
39168.0
39176.5
39130.5
39139.0
39146.0
39153.0
39160.0
39167.0
39174.0
39264.5
39271.0
39277.5
39284.0
39256.5
39219.0
39225.5
39232.0
39215.0
39195.0
39169.5
39174.5
39145.0
39149.5
39154.0
39158.5
39163.0
39168.0
39173.0
39178.0
39183.0
39199.0
39203.5
39208.0
39213.0
39170.0
39175.0
39180.0
39185.0
39190.0
39195.5
39223.0
39228.0
39233.0
39238.5
39244.0
39249.5
39251.0
39256.0
39261.0
39266.0
39271.0
39276.0
39281.0
39286.0
39246.0
39250.5
39276.5
39280.5
39244.0
39247.5
39251.0
39254.5
39258.0
39261.5
39265.0
39268.5
39272.0
39275.5
39279.0
39282.5
39286.0
39289.5
39255.0
39257.5
39260.0
39262.5
39265.0
39267.5
39270.0
39272.5
39275.0
39277.5
39280.0
39282.5
39285.0
39260.5
39262.5
39264.5
39266.5
39268.5
39270.5
39272.5
39239.0
39240.5
39253.5
39254.5
39255.5
39256.5
39265.0
39265.5
39266.0
39266.5
39262.5
39262.5
39262.5
39262.5
39262.5
39262.5
39262.5
39262.5
39262.5
39262.5
39262.5
39262.5
39262.5
39262.5
39262.5
39262.5
39262.5
39262.5
39262.5
39262.5
39262.5
39262.5
39262.5
39262.5
39262.5
39262.5
39262.5
39262.5
39262.5
39262.5
39262.5
39262.5
39262.5
39262.5
39262.5
39263.0
39263.5
39264.0
39264.5
39265.0
39265.5
39266.0
39266.5
39267.0
39267.5
39268.0
39268.5
39269.0
39269.5
39270.0
39270.5
39271.0
39271.5
39272.0
39272.5
39273.0
39273.5
39274.0
39274.5
39275.0
39275.5
39276.0
39276.5
39277.0
39277.5
39278.0
39278.5
39279.0
39279.5
39280.0
39280.5
39281.0
39281.5
39282.0
39282.5
39283.0
39283.5
39284.0
39284.5
39285.0
39285.5
39286.0
39286.5
39287.0
39287.5
39288.0
39288.5
39289.0
39289.5
39290.0
39291.0
39292.0
39293.0
39294.0
39286.5
39287.0
39287.5
39288.0
39288.5
39289.0
39289.5
39290.0
39290.5
39291.0
39291.5
39292.0
39292.5
39293.0
39293.5
39294.0
39294.5
39295.0
39295.5
39296.0
39296.5
39297.0
39297.5
39298.0
39298.5
39299.0
39299.5
39300.0
39300.5
39301.0
39301.5
39302.0
39302.5
39303.0
39303.5
39304.0
39304.5
39305.0
39305.5
39306.0
39306.5
39307.0
39307.5
39308.0
39308.5
39309.0
39309.5
39310.0
39310.5
39311.0
39311.5
39312.0
39312.5
39313.0
39313.5
39284.0
39284.0
39284.0
39284.0
39284.0
39284.0
39284.0
39284.0
39284.0
39284.0
39284.0
39284.0
39284.0
39284.0
39284.0
39284.0
39284.0
39284.0
39284.0
39284.0
39284.0
39284.0
39284.0
39284.0
39284.0
39284.0
39284.0
39284.0
39284.0
39284.0
39284.0
39284.0
39284.0
39284.0
39284.0
39284.0
39284.0
39284.0
39284.0
39284.0
39284.0
39284.0
39284.0
39284.0
39284.0
39284.0
39284.0
39284.0
39284.0
39284.0
39284.0
39284.0
39284.0
39284.0
39284.0
39284.0
39284.0
39284.0
39284.0
39284.0
39284.0
39284.0
39284.0
39284.0
39284.0
39284.0
39284.0
39284.0
39284.0
39284.0
39284.0
39284.0
39284.0
39284.0
39284.0
39284.0
39284.0
39284.0
39284.0
39284.0
39284.0
39284.0
39284.0
39284.0
39284.0
39284.0
39284.0
39284.0
39284.0
39284.0
39284.0
39284.0
39284.0
39284.0
39284.0
39284.0
39284.0
39284.0
39284.0
39284.0
39284.0
39284.0
39284.0
39284.0
39284.0
39284.0
39284.0
39284.0
39284.0
39284.0
39284.0
39284.0
39284.0
39284.0
39284.0
39284.0
39284.0
39284.0
39284.0
39284.0
39284.0
39284.0
39284.0
39284.0
39284.0
39284.0
39284.0
39284.0
39284.0
39284.0
39284.0
39284.0
39284.0
39284.0
39284.0
39284.0
39284.0
39284.0
39284.0
39284.0
39284.0
39284.0
39284.0
39284.0
39284.0
39284.0
39284.0
39284.0
39284.0
39284.0
39284.0
39284.0
39284.0
39284.0
39284.0
39284.0
39284.0
39284.0
39284.0
39284.0
39284.0
39284.0
39284.0
39284.0
39284.0
39284.0
39284.0
39284.0
39284.0
39284.0
39284.0
39284.0
39284.0
39284.0
39284.0
39284.0
39284.0
39284.0
39284.0
39284.0
39284.0
39284.0
39284.0
39284.0
39284.0
39284.0
39284.0
39284.0
39284.0
39284.0
39284.0
39284.0
39284.0
39284.0
39284.0
39284.0
39284.0
39284.0
39284.0
39284.0
39284.0
39284.0
39284.0
39284.0
39284.0
39284.0
39284.0
39284.0
39284.0
39284.0
39284.0
39284.0
39284.0
39284.0
39284.0
39284.0
39284.0
39284.0
39284.0
39284.0
39284.0
39284.0
39284.0
39284.0
39284.0
39284.0
39284.0
39284.0
39284.0
39284.0
39284.0
39284.0
39284.0
39284.0
39284.0
39284.0
39284.0
39284.0
39284.0
39284.0
