69789.5
52597.0
46576.5
43278.0
41818.0
39795.5
40698.0
39315.0
38446.5
38666.0
38650.5
37376.0
37956.0
37630.5
38015.5
36926.0
37061.0
36989.5
37196.5
37018.0
36971.0
36893.5
36617.5
36822.0
35834.0
36424.5
37780.5
37208.5
37755.0
37381.5
36375.5
35723.0
36526.5
35981.0
36170.0
36675.0
35969.5
36909.5
36819.0
36831.0
36647.0
36799.5
36451.0
36668.5
36423.0
36920.0
37656.5
36837.0
37225.5
37188.5
37478.0
37867.5
37525.5
37250.5
37497.5
37910.5
38268.5
38221.0
37808.5
37898.5
34220.5
35172.0
34271.0
34583.0
35232.0
34535.0
35566.5
34850.0
35498.0
35286.5
35280.0
35491.5
35464.0
35421.0
35841.0
35581.0
35736.5
36559.0
36029.5
36258.0
36356.5
35910.0
36211.5
36547.5
36203.0
36646.5
36030.5
36166.5
36246.0
36234.5
36169.5
36028.5
36732.0
36858.5
36205.5
36949.0
36598.0
37016.5
36788.5
37516.0
37475.5
36912.5
36926.0
36754.5
36761.5
37028.5
37210.5
37259.5
37213.5
37743.0
37384.5
37859.0
37626.5
37848.0
37795.0
37872.5
37772.5
37853.5
37846.0
38015.0
37594.5
37670.0
37731.5
37741.0
37896.5
38452.0
38407.5
38469.0
38314.5
38431.5
38348.0
38870.5
38442.0
38559.0
38206.0
38566.5
38708.5
38781.5
39018.0
38918.5
38544.0
38763.5
38932.0
38606.5
38711.0
39261.5
39211.0
38804.0
38824.5
38882.0
38938.0
38750.5
38858.0
39060.5
39179.0
38908.0
39093.0
38877.0
38958.0
38977.0
38991.0
38742.0
38925.5
38983.0
38572.0
38543.5
38923.0
38985.0
39094.0
38935.5
38873.0
38829.0
38794.5
38789.5
38946.5
38952.0
38906.0
38831.0
38726.5
38928.5
38993.5
38907.0
38992.0
39094.5
39122.0
39366.0
39128.0
39173.0
39175.0
39233.0
39337.5
39390.5
39445.5
39400.5
39506.5
39228.0
39328.0
39255.5
39304.0
39352.0
39376.0
39572.0
39360.5
39625.0
39672.0
39510.5
39567.0
39597.0
39374.5
39591.5
39354.0
39391.0
39396.5
39401.0
39616.5
39650.5
39627.5
39623.5
39474.5
39400.5
39444.0
39474.0
39502.5
39532.0
39727.0
39756.5
39785.5
39815.5
39798.0
39786.5
39760.5
39859.0
39815.0
39549.5
39575.5
39461.0
39487.0
39689.5
39712.5
39757.5
39553.5
39474.0
39503.0
39554.0
39652.5
39664.0
39616.5
39634.0
39589.0
39638.5
39655.5
39672.5
39745.5
39822.0
39563.0
39549.5
39564.0
39711.5
39726.5
39741.5
39756.5
39592.0
39606.5
39790.0
39632.0
39646.5
39662.0
39678.5
39695.0
39712.5
39730.0
39748.0
39828.0
39827.0
39844.0
39860.0
39877.5
39835.5
39852.5
39869.5
39886.5
39829.0
39846.0
39853.0
39869.5
39886.0
39974.5
39989.0
39804.0
39794.0
39822.5
39834.5
39847.0
39847.0
39858.0
39846.5
39856.5
39864.0
39874.0
39845.5
39854.0
39855.5
39863.5
39871.5
39879.5
39887.5
39883.0
39876.0
39883.0
39890.0
39897.0
39904.5
39912.5
39920.5
39920.5
39928.5
39977.0
39984.5
39992.0
39999.5
40007.0
40015.0
40042.0
40049.5
40047.0
40054.5
39943.0
39949.5
39956.5
39963.5
39960.5
40005.0
40011.5
40018.0
39919.0
39906.0
39911.5
39917.0
39922.5
39928.0
39994.5
39999.5
40004.5
40009.5
40014.5
40020.0
40025.5
40031.0
40037.0
40043.0
40049.0
40024.5
40030.5
40036.5
40042.5
40049.0
40055.5
40029.5
40036.0
40042.5
40049.0
40055.5
40062.0
40068.5
40075.0
40081.5
40088.0
40053.0
40059.0
40065.0
40106.0
40041.0
40046.0
40101.0
40105.5
40110.0
40114.5
40119.0
40123.5
40128.0
40128.5
40132.5
40136.5
40081.5
40085.0
40088.5
40092.0
40119.0
40122.0
40125.0
40046.0
40048.5
40051.0
40053.5
40056.0
40058.5
40061.0
40063.5
40066.0
40068.5
40071.0
40073.5
40076.0
40078.5
40110.0
40112.0
40114.0
40141.5
40143.5
40145.5
40147.5
40169.5
40171.0
40172.5
40158.5
40159.5
40160.5
40083.0
40083.5
40084.0
40084.5
40085.0
40086.0
40087.0
40088.0
40089.0
40090.0
40091.0
40092.0
40093.0
40094.0
40095.0
40096.0
40097.0
40098.0
40099.0
40100.0
40101.0
40102.0
40103.0
40104.0
40105.0
40106.0
40107.0
40108.0
40109.0
40110.0
40111.0
40112.0
40113.0
40114.0
40115.0
40116.0
40117.0
40118.0
40119.0
40120.0
40121.0
40122.0
40123.0
40124.0
40125.0
40126.0
40127.0
40128.0
40129.0
40102.5
40103.0
40103.5
40104.0
40104.5
40105.0
40105.5
40106.0
40106.5
40107.0
40107.5
40108.0
40108.5
40109.0
40109.5
40086.5
40086.5
40086.5
40086.5
40086.5
40086.5
40086.5
40086.5
40086.5
40086.5
40086.5
40086.5
40086.5
40086.5
40086.5
40086.5
40086.5
40086.5
40086.5
40086.5
40086.5
40086.5
40086.5
40086.5
40086.5
40086.5
40086.5
40086.5
40086.5
40086.5
40086.5
40086.5
40087.0
40087.5
40088.0
40088.5
40089.0
40089.5
40090.0
40090.5
40091.0
40091.5
40092.0
40092.5
40093.0
40093.5
40094.0
40095.0
40096.0
40097.0
40098.0
40099.5
40101.0
40102.5
40104.0
40105.5
40107.0
40109.0
40111.0
40113.0
40115.0
40117.0
40119.0
40121.0
40123.0
40125.0
40127.0
40129.0
40131.0
40133.0
40135.0
40137.0
40139.0
40141.0
40143.0
40145.0
40147.0
40149.0
40151.0
40153.0
40155.0
40157.0
40159.0
40161.0
40163.0
40165.0
40167.0
40169.0
40171.0
40173.0
40175.0
40188.5
40190.0
40191.5
40193.0
40194.5
40196.0
40197.5
40199.0
40200.5
40202.0
40203.5
40205.0
40206.5
40208.0
40209.5
40201.0
40202.0
40203.0
40204.0
40181.5
40182.0
40182.5
40183.0
40183.5
40184.0
40176.5
40176.5
40176.5
40176.5
40176.5
40176.5
40176.5
40176.5
40176.5
40176.5
40176.5
40176.5
40176.5
40176.5
40176.5
40176.5
40176.5
40176.5
40176.5
40176.5
40176.5
40176.5
40176.5
40176.5
40176.5
40176.5
40176.5
40176.5
40176.5
40176.5
40176.5
40176.5
40176.5
40176.5
40176.5
40176.5
40176.5
40176.5
40176.5
40176.5
40176.5
40176.5
40176.5
40176.5
40176.5
40176.5
40176.5
40176.5
40176.5
40176.5
40176.5
40176.5
40176.5
40176.5
40176.5
40176.5
40176.5
40176.5
40176.5
40176.5
40176.5
40176.5
40176.5
40176.5
40176.5
40176.5
40176.5
40176.5
40176.5
40176.5
40176.5
40176.5
40176.5
40176.5
40176.5
40176.5
40176.5
40176.5
40176.5
40176.5
40176.5
40176.5
40176.5
40176.5
40176.5
40176.5
40176.5
40176.5
40176.5
40176.5
40176.5
40176.5
40176.5
40176.5
40176.5
40176.5
40176.5
40176.5
40176.5
40176.5
40176.5
40176.5
40176.5
40176.5
40176.5
40176.5
40176.5
40176.5
40176.5
40176.5
40176.5
40176.5
40176.5
40176.5
40176.5
40176.5
40176.5
40176.5
40176.5
40176.5
40176.5
40176.5
40176.5
40176.5
40176.5
40176.5
40176.5
40176.5
40176.5
40176.5
40176.5
40176.5
40176.5
40176.5
40176.5
40176.5
40176.5
40176.5
40176.5
40176.5
40176.5
40176.5
40176.5
40176.5
40176.5
40176.5
40176.5
40176.5
40176.5
40176.5
40176.5
40176.5
40176.5
40176.5
40176.5
40176.5
40176.5
40176.5
40176.5
40176.5
40176.5
40176.5
40176.5
40176.5
40176.5
40176.5
40176.5
40176.5
40176.5
40176.5
40176.5
40176.5
40176.5
40176.5
40176.5
40176.5
40176.5
40176.5
40176.5
40176.5
40176.5
40176.5
40176.5
40176.5
40176.5
40176.5
40176.5
40176.5
40176.5
40176.5
40176.5
40176.5
40176.5
40176.5
40176.5
40176.5
40176.5
40176.5
40176.5
40176.5
40176.5
40176.5
40176.5
